864 241 133 984 596 135 795 477 971 421 531 220 238 410 561 51 277 708 743 412 101 837 607 35 603 321 378 712 388 880 483 444 16 436 279 773 309 905 499 135 283 237 733 705 680 388 5 276 817 433 842 441 558 759 716 175 414 36 255 421 863 207 496 562 849 889 709 666 982 178 330 283 418 752 693 652 863 110
913 495 235 45 660 246 719 11 958 518 708 848 343 782 751 536 387 234 500 773 524 188 864 250 606 959 158 353 455 723 449 983 952 783 601 396 475 981 892 153 344 690 48 372 175 34 389 599 32 247 460 405 679 64 356 981 35 31 520 698 128 152 278 995 834 524 685 841 560 924 46 923 951 227 767 634 113 385 570 397 421 691 902 857 857 158 360 920 864 999 494 321 636 964 309 964 123 655 324 758 527 749 361 357 615 728 284 793 594 721 142 330 886 691 885 164 528 878 229 863 700 691 1 882 949 483 366 116 344 549 306 737 984 1 722 0 167 522 452 430 210 47 995 673 676 670 974 562 204 276 338 52 243 761 328
470 18 878 170 514 303 250 353 114 827 778 370 421 844 467 364 689 389 991 36 571 353 224 317 64 993 758 769 129 17 580 616 522 15 856 972 763 850 915 83 432 630 231 856 607 393 113 668 161 819 351 67 346 371 274 111 558 643 925 319 133 291 864 852 26 363 804 934 579 806 142 330 943 592 868 16 697 317 685 767 901 932 532 316 511 779 267 505 913 922 154 232 774 676 873 50 437 155 303 86 387 788 9 745 990 589 708 939 171 720 941 922 221 645 107 491 133 10 206 540 731 627 868 696 91 954 79 399
263 876 313 413 692 545 401 373 940 154 437 588 518 691 23 487 362 663 21 658 412 125 251 688 174 585 508 118 713 615 472 485 889 886 233 963 421 858 764 856 106 636 494 653 486 756 250 951 342 149 657 923 218 542 933 45 660 997 479 995 317 749 180 152 227 350 655 329 934 445 704 92 680 636 754 93 522 502 208 933 84 875 656 407 472 170 967 840 212 574 879 731 793 961 625 736 795 490 517 970 136 965 670 157 757 594 536 851 385 671 441 519 378 306 685 648 783 251 591 300 981 41 294 990 192 407 327 1 617 280 625 120 992 837 388 680 439 67 588 531 206 7 333 727 163 76 246 433 127 802 718 757 791 120 0 277 584 791 788 441 486 557 199 778 964 177 312 839 668 580 629 39 680 822 9 423 29 1 174 304 366 997 632 657 985
660 282 45 956 464 407 308 321 247 633 639 358 82 103 156 483 527 338 481 510 327 910 105 678 315 169 888 226 965 512 207 474 618 788 269 123 587 289 881 522 57 528 838 55 942 495 240 919 701 511 792 301 328 211 593 898 200 951 347 695 799 702 536 448 778 537 333 322 322 397 429 812 196 90 249 545 459 302 837 792 352 511 840 201 649 779 177 526 621 498 631 275 260
517 319 793 981 234 521 160 398 208 130 787 772 275 101 466 310 778 947 724 132 927 479 709 256 729 281 548 699 630 940 575 861 150 846 919 561 13 969 643 693 388 107 758 198 13 447 562 789 582 140 492 983 937 383 438 123 983 801 673 912 262 604 819 738 60 602 795 301 869 977 121 15 230 738 294 556 739 620 112 981 182 755 268 343 412 302 42 865 121 248 501 98 831 413 611 508 304 820 836 573 932 330 771 355 453 375 544 285 216 907 462 508 153 49
408 535 436 417 331 729 370 931 565 167 966 436 823 202 949 369 363 891 199 755 677 980 351 138 978 772 60 639 776 103 223 272 798 122 319 357 903 460 538 284 536 358 602 906 24 129 67 195 791 268 984 325 473 515 277 575 173 870 207 745 626 4 722 969 669 839 578 433 124 67 200 798 549 877 659 41 80 700 800 35 201 911 977 645 966 50 176 794 306 830 248 303 342 666 817 397 716 162 493 6 676 169 602 217 233 123 452 700 495 362 51 333 345 437 108 843 545 938 522 651 55 683 640 455 976 291 151 872 169 1 0 672 131 273 945 826 963 129 765 561 808 83 354 173 928 899 555 250 651 489 684 801 296 656 902 943
678 856 592 519 712 347 452 176 1 441 819 635 949 382 947 692 130 205 600 323 278 101 641 642 253 82 257 510 529 197 585 662 596 100 359 998 555 94 631 196 651 764 186 665 853 180 563 674 924 732 58 18 158 402 435 381 575 23 498 491 963 601 210 890 953 292 506 528 548 126 485 19 609 605 897 525 795 404 769 628 232 520 160 292 764 343 55 578 794 518 81 679 280 12 636 404 62 506 296 649 780 389 393 603 277 673 172 569 3 778 177 54 121 692 429 404 436 992 680 468 989 933 331 747 999 322 814 869 508 120 114 785 334 476 438 335 403 706 72 761 878 784 856 218 575 752 36
159 328 206 842 76 917 37 246 371 295 939 857 782 617 30 99 6 602 68 495 713 876 466 633 281 618 372 689 664 764 388 632 177 563 518 698 444 171 278 112 754 33 491 368 15 179 669 538 256 235 92 164 664 683 103 860 394 829 210 862 561 482 750 232 3 4 258 590 934 307 468 820 274 500 725 315 913 614 168 609 1000 38 371 822 979 415 533 688 836 373 369 24 933 287 415
265 55 928 830 813 206 489 34 486 665 452 24 816 651 404 520 542 173 524 781 345 363 195 311 990 701 496 545 610 858 298 58 888 644 923 605 609 526 511 906 637 496 812 296 474 65 61 723 374 965 208 108 600 875 899 153 595 937 104 507 886 386 215 499 695 742 668 601 618 631 706 897 145 161 186 396 846 541 296 289 759 813 564 776 147 608 55 470 919 743 237 398 891 735 592 188 878 317 604 649 548 307 652 906 835
664 968 889 260 707 586 622 463 422 713 229 750 20 773 964 438 803 984 694 805 924 87 451 628 945 607 304 760 539 634 123 750 689 839 894 72 289 679 597 281 275 198 228 180 269 855 825 962 815 683 291 511 169 690 247 911 32 383 881 627 140 222 686 247 961 993 481 448 879 924 702 418 775 329 7 875 658 415 512 702 682 952 479 47 788 221 869 620 225 292 605 96 528 916 982 126 315 592 998 322 777 554 193 574 250 279 18 751 885 646 772 397 61 951 202 875 955 63 62 922 293 975 486 8 750 337 107 46 825 46 46 925 371 546 582 992 142 291 335 93 587 755 524 87 75 109 312 753 894 627 698 969 515 854 328 863 571 85 416 450 466 984 447 928 911 540 7 457 357 845 656 655 389
857 656 525 508 280 344 854 225 746 104 970 796 371 574 60 475 679 95 414 572 61 335 635 833 359 129 984 205 65 657 724 483 769 911 307 201 79 668 796 106 463 522 747 631 191 867 759 198 15 382 703 255 692 117 434 869 303 733 64 651 74 824 107 934 212 974 200 760 150 724 661 633 382 267 590 12 322 705 702 227 564 249 511 692 258 331 146 277 718 757 849 456 316 338 154 518 490 544 473 179 516 513 194 236 356 505 507 480 900 745 526 764 27 518 947 795 373 274 891 770 280 558 516 469 975 517 195 409 249 176 989 699 736 107 1000 897 286 288 189 766 850 732 859 526 825
101 371 772 890 434 847 75 747 14 640 515 624 479 858 886 681 209 351 677 863 650 107 102 143 822 649 415 455 462 32
209 863 791 720 457 92 147 510 844 385 417 884 56 984 430 551 693 221 762 999 369 654 626 775 452 554 749 651 692 313 188 970 299 862 139 670 536 65 994 80 842 504 594 311 108 131 721 968 933 785 685 128 73 425 217 221 244 645 914 651 941 238 526 371 767 315 15 591
639 899 356 854 676 409 111 601 595 412 341 399 560 165 492 38 549 223 513 674 518 452 476 561 135 452 227 491 332 505 228 565 662 240 509 899 371 255 981 318 604 283 736 523 964 506 677 803 452 679 438 541 823 41 821 767 570 897 852 177 5 51 69 231 779 533 233 238 104 969 197 900 439 289 260 159 884 426 701 705 793 376 577 12 357 917 107 167 597 544 902 571 763 109 324 322 880 415 15 61 286 575 688 718 168 498 647 207 64 638 474 893 547 105 550 330 670 427 12 413 557 228 709 510
140 42 487 509 954 108 559 250 464 17 434 252 815 208 383 210 104 90 791 210 274 208 589 388 725 485 495 319 592 953 634 941 460 610 385 236 665 770 872 584 62 1000 115 892 46 746 829 628 501 365 756 714 360 773 634 465 59 983 840 927 359 10 473 652 715 533 969 777 976 607 915 614 727 402 243 705 385 729 135 994 799 452 320 254 523 652 957 552 225 265 762 44 685 105 471 363 699 429 428 428 661 826 783 321 361
300 941 778 243 218 863 323 445 947 240 400 873 306 508 188 888 796 585 167 293 661 986 974 758 73 551 983 534 834 723 346 523 244 566 847 634 407 362 831 194 333 904 452 104 463 203 562 975 208 584 974 70 353 960 761 806 86 790 853 387 65 228 2 832 570 917 745 9 871 589 930 162 95 38 551 758 560 967 308 54 657 650 221 689 74 60 408 808 812 519 351 504 729 147 720 176 683 946 740 235 934 44 130 250 739 511 73 486 437 515 396 733 38 609 111 883 846 783 580 685 259 776 195
880 56 50 479 281 224 285 804 911 745 817 353 859 181 991 899 826 698 322 372 69 467 422 684 402 184 900 899 887 691 888 8 106 498 672 877 417 851 774 333 414 403 399 160 164 86 611 266 989 817 903 944 630 707 29 944 639 2 857 912 25 438 877 335 540 754 465 249 192 835 415 44 555 773 977 540 314 631 57 949 772 286 562 828 76 614 522 225 762 392 97 862 300 995 377 64 629 175 999 611 706 141 655 513 695 897 91 280 136 293 199 470 813 998 130 376 333 119 626 836 787 12 89 212 983 528 786 808 548 895 576 817 731 837 910 939 489 892 109 639 616 808 602 910 684 759 436 571 395 853 569 266 849 39 412 804 400 729 856 674 403 765 824 689 923 500 655 944 533 540 418 168 337 483 715 20 60 231 993 764 604 28 224 305 17 605 723 546 841 176 380 322 897 385 81 585 105 131
410 567 547 658 17 344 63 215 968 848 968 81 783 940 699 60 385 78 564 306 242 805 139 892 703 401 672 44 124 44 920 920 352 172 473 266 492 871 432 843 161 113 626 67 471 939 842 431 660 168 201 115 544 47 403 546 244 336 472 706 309 677 904 375 120 698 163 20 799 581 670 559 612 547 416 455 670 346 664 876 477 451 898 584 501 977 341 144 560 141 263 457 628 963 796 426 664 421 917 81 430 500 146 491 242 407 312 879
525 750 255 224 748 561 64 226 495 5 390 461 754 622 652 737 437 337 396 272 450 280 148 55 889 246 452 177 977 759 863 854 942 57 956 286 690 1 674 548 550 338 83 759 826 577 531 628 513 648 189 144 246 833 546 785 710 701 663 680 645 539 721 835 758 36 798 166 62 624 844 715 642 950 286 134 645 718 994 199 142 481 199 629 768 92 212 464 364
711 483 689 413 921 250 612 598 624 657 898 852 586 935 260 286 2 481 882 333 96 270 212 847 431 58 350 400 20 552 221 788 788 217 498 165 904 360 811 155 738 578 755 644 233 584 242 936 792 534 23 176 474 369 520 163 611 225 30 577 639 683 532 879 295 214 22 432 476 664 921 94 115 939 48 696 144 272 605 505 916 336 327 272 33 564 526 103 721 567 496 912 11 918 488 375 555 213 193 555 938 338 294 954 111 424 976 961 999 420 984 571 482 453 43 293 232 162
467 519 715 655 358 713 610 512 329 20 290 134 618 655 518 402 669 418 634 496 247 167 433 124 781 350 78 633 433 130 977 814 641 320 850 27 302 316 1000 70 542 527 163 238 156 164 862 345 71 492 773 556 623 217 733 6 201 692 778 506 211 306 838 179 349 22 902 925 862 972 100 752 904 398 813 177 316 827 45 262 190 358 31 204 414 952 268 450 264 632 51 816 533 522 522 215 230 284 732 290 918 42 80 833 361 492 55
426 952 979 478 50 357 441 864 506 266 405 764 402 347 341 886 517 287 712 254 714 820 139 948 496 395 322 274 558 962 242 401 831 307 192 992 394 241 112 198 491 23 562 689 719 941 381 880 914 270 132 980 644 249 168 932 38 268 598 324 296 483 0 364 307 609 916 725 417 57 480 826 923 283 541 811 902 174 409 370 120 620 916 393 911 205 200 336 254 733 839 173 124 388 973 904 568 983 35 334 195 447 1000 391 270 936 844 188 633 153 544 727 919 839 46 32 783 661 634 825 77 951 802 763 55 535 954 186 162 76 436 103 677 550 329 953 842 942 969 457 188 688 675 819 694 553 113 817 435 316 739 804 861 619 548 192 400 456 979
1000 640 128 304 43 496 717 336 270 846 470 213 28 451 777 709 967 110 234 480 37 584 615 113 441 300 659 454 25 506 634 64 633 218 578 761 605 394 792 542 156 778 163 694 386 338 965 762 471 842 322 148 923 998 103 120 963 148 396 283 437 957 350 219 105 244 115 781 18 722 517 522 373 379 640 541 17 767 764 519 809 311 586 301 943 327 306 572 960 360 413 145 731 548 372 744 560 343 881 914 807 865 73 700 490 144 321 342 115 529 199 307 293 494 656 721 483 425 729 398 547 600 819 950 347 803 791 473 70 387 543 263 743 323 429 995 630 20 389 488 596 64 360 753 135 845 101 496 730 836 426 526 609 317
524 577 325 530 875 411 346 467 638 807 987 231 240 977 485 680 677 153 608 137 94 673 324 769 635 59 593 238 751 521 575 305 558 653 685 678 363 510 756 574 255 256 481 432 225 3 599 957 19 662 50
780 318 923 466 960 601 392 679 30 492 331 576 349 1 513 380 819 379 800 182 900 438 134 350 328 358 609 743 680 26 106 866 55 108 162 316 736 648 567 793 976 853 616 788 300 510 612 742 705 452 539 904 585 963 340 192 208 828 832 815 937 424 46 223 641 498 58 953 381 281 542 726 323 61 880 673 966 177 846 14 687 23 48 383 754 758 853 871 229 871 980 414 751 574 318 289 192 839 497 857 574 697 452 717 166 652 982 883 439 958 451 68 689 463 1 486 843 918 386 658 351 96 876 149 556 243 225 3 190 335 763 738 963 416 767 438 4 155 752 930 649 929 81 59 40 382 269 244 735 219 606 908 555 45 398 319 384 926 591 391 170 801 109 821 150 534 661 366 432 390 808 123 224 49 534 18 835 295 959 899 519 147 133 775 384 563
133 833 136 679 919 422 915 991 972 24 927 162 233 908 542 83 710 637 67 233 458 588 838 772 137 493 82 441 908 760 207 886 752 877 496 266 478 25 562 874 104 846 950 310 956 60 979 563 793 225 684 462 453 950 42 806 219 530 599 930 453 566 531 443 793 437 326 738 145 789 191 619 675 273 845 844 828 356 871 520 648 438 962 560 296 48 805 148 550 883 423 480 61 764 650 819 203 935 779 829 575 615 770 252 364 447 356 219 0 226 261 94 525 104 522 769 41 435 962 981 0 423 229 271 236 444 848 862 703 945 686 341 259 608 878 104 894 740 58 604 385 675 42 542 920 890 150 274 183 880 267 601 43 388 973 57 825 98 595 499 884 792 644 496 86 262 729 186 44 337 440 301 911 785 670 583 106
761 684 186 88 547 120 466 498 685 373 9 597 476 446 978 436 984 237 935 191 151 167 954 496 752 853 380 54 673 302 740 894 331 38 746 236 1000 240 214 10 944 723 886 779 640 482 47 195 1 729 365 815 136 289 306 628 781 651 120 306 94 584 712 721 774 125 750 593 240 805 26 253 651 688 492 143 632 246 901 703 761 747 456 950 825 215 650 861 973 737 812 648 655 878 758 707 291 812 556 273 744 791 229 109 427 907 32 560 38 840 657 198 972 234 950 62 808 103 729 721 419 145 640 125 104 547 483 190 97 970 227 850 322 589 331 308 660 816 833 765 207 861 155 277 976 74 885 869 443 720 588 787 552 455 366 983 278
1000 277 890 321
843 969 559 542 8 918 227 420 932 30 383 369 78 868 751 735 707 588 917 721 517 125 567 633 302 319 806 546 933 805 867 349 38 972 998 16 220 19 605 585 365 183 872 969 80 686 784 79 335 526 540 48 432 306 508 512 888 876 763 779 784 972 114 444 383 236 657 981 541 761 443 19 642 57 606 455 487 571 307 319 757 881 14 813 288 218 262 862 439 984 381 195 348 154 616 1 120 851 165 932 367 64 484 769 8 637 551 407 949 236 604 242 432 126 222 652 689 654 570 752 502 190 42 164 561 301 892 29 817 413 670 453 611 320 392 84 727 130 192 54 620 205 600 811 866 738 50 137 898 624 476 548 313 448 382 824 509 212 168 539 938 62 504 39 31 64 842 949 859 697 528 282 768 867 232 722 16 170 189 99 178 48 74 430 304 72 419 851 791 375 135 224
276 212 554 465 534 611 741 226 502 582 896 837 666 503 423 16 817 386 714 998 744 381 907 805
96 444 8 468 647 896 617 99 71 528 359 843 97 417 821 743 876 130 178 659 439 311 64 680 586 270 918 610 459 983 461 122 982 880 707 74 234 333 124 667 300 636 468 98 224 306 34 690 633 559 528 956 959 44 792 225 265 475 763 308 737 630 393 200 924 480 704 766 37 764 683 708 217 869 628 14 281 569 956 812 881 297 471 141 541 332 859 435 356 13 483 790 430 218 792 664 399 929
874 644 592 394 589 8 96 302 608 505 394 47 463 80 834 476 890 633 63 379 178 705 76 419 514 531 814 109 670 399 931 58 391 870 704 700 463 458 72 258 401 750 836 414 184 754 115 867 230 411 279 197 742 750 873 318 699 988 385 748 112 846 179 294 456 986 952 762 158 470 37 705 773 175 135 90 128 216 277 789 627 558 389 919 459 987 731 680 791 970 471 235 331 521 435 52 831 713 415 966 605 436 694 880 615 692 860 757 727 171 681 615 908 502 633 972 726 433 117 925 222 686 663 109 972 575 339 959 318 637 924 843 356 373 463 562 651 126 97 758 26 911 257 618 777 847 756 936 91 846 763 816 791 427 203 838 60 802 442 769 264 481 3 505 547 691 921 812 801 600 955 272 706 672 675 973 536 964 106 48 115 188 889 978 573 698 129 644 672 266 833 498 639
959 65 76 189 270 656 718 26 287 287 833 432
173 311 736 406 360 722 475 466 467 731 617 875
216 819 498 840 528 981 84 98 132 128 130 139 134 426 157 198 509 989 264 289 323 325 327 362 359 53 121 443 856 492 35 3 524 860 543 550 12 690 976 608 48 662 624 708 744 765 810 881 603 829 44 452 629 819 924 928 944 965 624 977 979 375 244 993 996 996
0 12 15 22 631 40 789 49 50 79 87 94 96 652 101 721 104 111 102 122 154 48 132 880 280 409 326 337 667 959 386 584 425 436 448 455 382 753 497 522 525 324 655 571 576 932 491 595 621 100 639 30 557 713 676 688 702 914 997 354 743 752 590 534 800 808 811 823 845 854 862 872 226 739 188 223 980 489 939 995 933 1000
8 350 722 66 730 86 142 148 155 519 186 845 192 637 200 208 227 358 231 243 258 196 283 283 508 512 301 322 817 883 355 615 666 484 372 867 377 377 231 389 390 406 541 426 433 376 470 679 362 487 493 501 284 742 818 526 379 470 567 996 576 165 890 716 281 641 648 665 938 564 685 685 709 630 37 881 732 890 825 611 770 572 808 808 810 337 766 996 748 827 828 77 193 858 858 451 873 878 842 20 358 298 906 910 937 424 948 973 988 996 801 818
151 20 27 829 31 37 40 45 46 567 795 77 259 104 961 126 131 557 902 143 6 160 161 902 202 217 236 558 719 277 959 270 587 301 303 398 711 729 826 339 954 403 414 964 439 447 452 455 480 340 437 614 506 511 810 741 544 263 238 48 143 584 134 589 489 616 620 626 628 628 633 646 654 583 484 715 75 720 369 937 488 741 742 747 749 756 82 514 380 27 896 843 856 867 867 881 889 660 893 114 836 175 920 922 737 940 949 950 402 270 893 526
6 13 20 47 872 168 182 89 105 222 963 588 57 180 931 813 201 201 216 39 232 240 774 123 384 337 683 355 581 186 289 433 444 462 767 528 535 570 577 355 370 589 658 620 621 631 256 642 731 351 263 594 751 755 757 462 820 791 735 966 830 841 842 849 853 870 110 903 65 936 951 953 955 957 114 633
13 873 322 520 828 53
2 718 31 42 48 49 669 76 915 78 146 720 782 98 100 125 141 67 127 203 163 179 180 298 852 233 272 288 294 78 952 309 336 338 341 346 749 412 629 442 463 480 494 495 138 513 514 825 547 733 829 11 423 587 682 859 880 634 583 724 1000 664 666 368 591 685 687 687 691 704 581 720 94 659 729 561 850 636 509 754 755 97 797 808 813 966 843 579 741 207 744 608 307 77 516 970 976 983 984 995 660
606 214 478 491 94 601 739 760 820 954
1 296 11 557 579 29 36 46 937 48 50 4 53 47 104 602 72 560 136 351 122 598 175 835 194 203 207 826 232 233 267 274 809 296 190 335 350 123 354 495 422 442 444 521 991 570 385 500 820 503 829 729 547 162 557 831 707 494 920 589 593 720 854 603 605 995 615 616 623 624 644 645 646 647 661 674 676 708 847 681 710 167 727 728 450 503 947 51 288 809 779 208 513 163 23 844 549 850 116 866 874 897 919 920 25 923 931 790 938 943 787 966 960 984 964 956 968 993 975 982 964 984 987 456 968 613
9 78 184 306 37 881 530 43 53 60 68 74 196 85 95 102 106 110 111 985 957 132 133 748 742 139 395 338 497 23 186 711 17 199 236 237 244 916 252 262 747 1000 460 284 292 701 886 435 990 307 320 620 674 846 152 320 359 365 366 129 143 397 406 421 586 816 435 529 437 438 442 848 460 281 465 870 478 481 484 488 761 492 163 499 524 510 521 41 668 499 531 928 536 537 538 553 559 559 566 989 573 574 39 645 296 587 593 594 643 614 616 346 627 636 637 596 578 657 952 321 678 681 706 876 990 760 685 945 770 725 728 692 736 738 572 742 24 263 946 748 755 862 490 721 780 790 337 980 824 872 426 803 847 448 859 861 833 864 864 475 293 691 879 574 294 887 895 900 905 246 926 536 131 189 134 729 936 969 430 383 739 836 139 271
225 12 17 473 212 753 52 733 852 93 71 433 57 765 157 331 172 181 927 194 197 767 923 2 229 230 237 240 42 257 269 691 282 736 329 331 168 217 356 358 532 372 376 409 421 421 243 444 555 704 454 600 485 510 351 986 837 552 553 453 130 579 523 368 685 658 701 454 708 716 724 577 329 737 765 43 759 147 745 115 842 789 790 817 550 842 786 846 68 872 874 892 892 919 41 188 927 931 946 279
1 865 20 80 416 895 63 63 65 26 93 980 107 655 116 117 119 123 453 571 136 145 149 943 853 459 590 386 180 187 368 658 872 211 421 212 218 225 233 675 259 261 908 689 346 349 939 828 197 509 378 380 383 50 860 27 211 160 429 662 437 438 205 454 519 424 460 461 704 470 471 481 486 493 496 377 964 713 536 554 557 562 133 580 585 588 186 606 781 608 951 618 628 607 202 437 662 868 672 809 676 680 682 332 692 462 733 726 732 524 809 750 756 758 766 775 362 803 157 235 817 819 825 367 832 610 848 848 745 183 854 108 0 668 125 992 905 267 912 913 921 926 416 100 151 835 458 972 942 853
584 1 208 8 8 18 20 308 47 48 49 231 66 86 89 809 827 100 107 120 134 271 141 770 235 791 632 852 219 705 214 5 26 89 820 233 153 239 343 341 275 535 918 227 608 317 318 318 158 331 686 325 276 344 346 347 0 381 389 394 398 412 414 582 418 424 879 434 439 826 616 462 476 484 485 493 494 735 262 513 516 338 727 537 541 543 547 550 552 742 575 580 760 598 603 590 670 597 214 589 605 296 310 618 527 165 634 835 652 658 661 664 988 882 953 687 591 706 497 728 500 737 573 749 753 760 417 146 627 136 796 803 228 53 822 870 946 647 847 185 867 867 439 878 879 427 673 440 938 95 951 770 960 962 968 974 975 979 377
566 32 33 627 67 405 89 92 688 98 127 645 667 181 217 883 277 415 810 971 552 369 383 69 408 161 438 887 428 417 443 460 460 466 109 481 928 604 526 531 537 864 289 34 510 29 411 677 162 687 475 795 795 795 327 830 833 857 859 869 861 550 860 879 253 363 907 927 504 347 986 999 1000
561 35 52 89 414 115 116 121 292 122 393 295 146 166 984 675 655 179 416 205 734 230 543 922 279 289 164 294 596 998 301 302 767 311 550 112 355 374 378 264 525 394 398 407 882 410 768 872 523 988 433 434 936 451 457 775 946 483 717 388 489 495 508 509 551 170 121 529 351 410 550 521 556 20 571 582 161 584 612 618 623 640 177 303 667 671 674 759 677 694 717 487 419 229 735 719 760 659 489 461 778 779 785 829 843 844 854 865 189 974 886 896 267 932 439 946 297 946 957 324 169 426 462
2 6 11 15 243 24 26 220 36 37 149 60 285 55 184 968 91 109 111 914 115 171 980 379 399 143 310 677 454 182 45 213 648 309 344 226 145 232 240 240 769 366 424 252 269 269 280 281 937 970 297 903 230 322 111 363 365 520 367 377 399 949 382 142 142 404 409 423 781 436 428 619 561 911 467 470 493 247 502 614 524 529 542 41 973 570 22 591 599 603 603 928 494 435 632 636 809 643 646 284 216 860 662 674 786 681 696 697 704 707 720 936 723 730 734 739 32 751 753 755 760 760 382 777 247 549 805 995 818 818 850 89 863 875 876 881 744 903 127 224 920 611 723 647 947 982 652 49 426 974 975 976 142 579 643 996
3 17 41 304 710 607 63 854 76 100 695 132 145 488 896 153 157 162 631 181 188 195 197 835 658 376 242 245 248 263 265 275 289 604 834 855 682 342 862 371 241 394 716 415 452 518 458 464 477 470 480 481 149 549 826 530 543 509 351 593 216 792 44 619 163 640 649 652 227 658 332 336 86 51 396 809 976 769 52 805 718 454 864 312 853 64 677 554 597 153 896 943 949 968 737
270 928 47 750 366 64 574 78 622 124 137 138 385 179 204 221 223 548 326 253 258 17 500 298 321 250 332 349 53 372 376 378 664 409 410 418 669 594 730 677 292 69 548 557 568 992 579 630 471 86 587 466 148 644 476 715 475 770 47 775 235 852 854 856 897 917 23 818
4 178 804 15 264 26 768 30 456 821 53 55 70 686 93 653 98 559 739 171 972 433 171 171 374 379 185 193 968 205 793 830 214 231 757 248 252 252 259 19 266 778 281 871 317 319 324 746 333 336 347 452 361 710 602 374 377 143 394 389 387 180 563 402 407 410 712 488 416 884 425 982 701 432 282 437 438 445 348 779 41 235 539 470 468 428 330 536 504 601 519 522 910 120 471 760 710 553 559 559 414 844 567 573 806 587 593 598 507 8 608 619 627 631 715 638 650 95 655 661 663 73 686 689 946 697 699 877 398 551 973 706 629 725 123 483 751 754 462 430 30 770 275 861 780 790 793 207 798 804 10 585 43 822 549 831 836 836 398 851 854 859 452 135 876 219 877 986 893 895 906 523 914 919 923 924 692 949 955 960 195 421 362 974 979 474 414 999
1 978 16 22 34 583 68 71 72 656 102 154 586 158 181 197 761 202 262 555 480 700 693 289 605 316 317 707 892 934 743 629 423 920 436 471 475 231 503 528 975 362 544 702 575 56 155 966 380 630 673 664 672 83 199 268 210 216 706 330 674 711 3 534 709 798 808 809 820 825 845 343 875 883 887 891 424 874 296 748 943 956 891 530 376 989 994
1 613 699 35 37 951 47 192 63 65 71 72 72 118 111 175 657 81 124 137 298 419 199 155 156 156 390 113 189 192 856 193 196 152 199 203 209 849 221 708 237 829 246 268 750 281 647 297 38 545 302 312 726 949 56 347 278 355 728 631 359 380 783 376 893 392 655 416 821 838 444 448 449 455 463 328 499 500 516 535 545 907 550 10 627 385 635 287 654 666 117 404 675 774 694 147 702 222 720 723 323 298 938 737 346 754 762 145 677 781 382 786 791 799 157 811 816 23 822 245 833 995 845 219 853 474 856 864 961 901 769 911 921 935 937 362 324 732 808 967 993 433
34 47 63 902 372 79 103 126 151 155 168 166 157 179 638 715 745 548 234 235 237 958 759 256 288 896 801 870 858 589 335 68 344 606 830 365 70 386 408 461 355 631 482 488 501 501 508 516 522 548 785 550 558 571 250 573 579 642 341 349 616 619 471 634 719 213 939 647 647 465 679 585 636 733 735 227 255 764 324 842 829 573 294 319 861 316 879 292 898 950 933 229 219 955 672 968 984 988 989
31 9 22 395 28 653 49 179 714 64 77 971 91 91 107 825 749 130 452 968 144 147 153 610 168 870 174 522 52 179 182 195 183 758 200 691 965 946 218 207 458 432 245 256 772 270 27 272 281 611 299 302 308 761 622 991 332 338 340 417 343 346 422 368 369 747 376 131 394 406 271 524 342 419 586 572 363 717 426 429 557 445 786 449 379 516 456 209 174 486 490 491 498 951 506 506 2 454 476 408 538 500 773 563 927 571 571 936 420 589 589 927 605 803 155 920 618 421 633 642 928 646 647 239 669 671 672 916 681 689 203 693 695 704 714 55 716 564 717 263 372 978 196 760 988 765 740 119 924 782 783 445 787 789 799 903 608 807 816 116 855 171 884 899 899 801 914 674 283 780 595 425 646 930 326 938 510 950 542 954 955 959 965 245 134 83 974 228 978 312 989 331 998 1000
9 407 657 27 759 83 68 339 89 94 527 105 233 96 13 203 147 669 491 165 170 172 698 582 280 198 133 222 227 108 371 415 249 740 983 348 265 268 681 32 290 723 316 980 477 329 453 43 345 965 359 360 989 366 398 239 645 244 417 191 329 472 255 480 488 163 492 497 509 663 536 538 540 440 542 705 113 583 587 588 596 541 959 634 566 642 645 10 646 651 605 842 666 149 305 686 181 699 637 734 724 798 725 195 736 755 250 739 286 776 781 624 831 110 852 867 868 868 870 880 884 892 906 910 922 933 937 941 944 944 950 955 956 734 263 320 325 987 362 993
29 37 137 198 64 70 98 115 119 399 55 139 141 167 744 175 361 786 639 228 241 252 269 417 389 450 402 726 439 435 814 439 446 574 460 613 471 780 480 626 494 506 517 522 534 535 538 541 929 408 799 583 913 626 485 926 639 711 695 824 712 914 474 881 778 174 781 860 792 577 177 693 844 850 181 869 770 989 62 921 924 134 568 930 943 946 966 977 981 985 464 991 993 996
8 10 10 112 16 18 251 22 24 33 48 50 882 913 62 66 76 679 695 441 372 881 770 747 586 120 597 139 837 176 182 929 198 200 265 203 658 214 304 219 643 236 249 907 252 257 200 950 278 281 281 300 964 305 324 324 360 333 603 335 675 548 526 366 104 373 374 56 418 402 408 411 399 422 424 426 438 92 572 459 469 485 328 832 513 515 83 708 344 117 459 119 591 561 959 80 618 965 334 640 227 715 214 658 336 678 184 962 702 528 708 643 719 732 745 127 753 760 14 771 782 786 476 810 811 811 813 817 823 830 831 498 833 955 841 844 59 379 881 108 809 891 893 898 18 907 924 915 857 624 934 935 936 271 952 141 955 884 962 603 215 620 972 972 984 988 999
3 6 797 857 16 16 461 88 21 95 34 314 48 56 206 74 18 966 725 101 104 106 108 109 113 630 117 118 126 132 143 152 758 486 170 179 663 193 198 199 883 393 829 209 221 230 998 731 682 252 252 265 266 269 275 280 14 296 313 37 316 678 326 329 333 335 350 358 360 791 439 372 694 392 742 286 396 399 454 897 783 745 432 508 786 443 116 208 629 468 326 518 523 497 371 509 158 691 162 430 691 555 558 565 860 571 585 654 467 71 642 643 644 645 413 583 657 661 743 192 664 361 681 91 684 948 824 756 707 941 242 731 805 207 662 431 754 382 515 759 765 771 780 536 393 439 788 470 249 891 736 810 880 816 818 546 827 18 844 847 863 570 785 868 815 411 799 891 653 910 917 924 933 29 942 947 480 7 969 981 994 231
382 14 741 595 780 58 67 978 730 918 117 131 216 465 157 615 941 213 440 222 226 990 492 263 275 275 283 289 304 304 777 252 559 39 534 848 392 103 418 431 140 452 155 467 23 626 492 515 925 528 325 529 360 546 549 528 572 470 885 626 187 628 631 895 657 687 688 411 91 735 981 754 305 329 797 798 804 316 830 837 842 8 855 703 652 829 918 517 926 208 953 972 67 18 987 243
19 29 32 61 889 139 209 218 397 218 292 559 469 704 224 578 355 481 103 500 510 322 805 788 586 631 637 737 688 415 639 462 891 849 853 487 568 906 913 924 970
915 492 712 154 22 23 40 287 816 483 61 61 842 76 266 84 93 95 667 418 98 114 77 140 143 150 871 156 159 160 412 958 173 178 179 765 201 202 214 222 599 242 250 251 254 354 18 111 285 913 373 304 859 306 312 321 58 335 335 342 346 118 282 16 371 897 376 224 98 410 165 417 1000 450 596 761 667 995 430 455 466 975 844 485 568 578 497 502 511 520 872 541 558 566 486 574 3 579 636 52 580 433 597 393 601 601 602 616 619 623 630 579 637 653 654 437 819 671 679 895 364 720 731 434 758 756 762 197 769 794 803 807 810 814 300 480 817 818 369 829 839 909 332 847 855 856 305 862 866 168 441 882 916 692 890 897 64 46 2 816 394 953 269 963 974 579 982 984 523 932
823 3 593 9 224 16 495 20 172 562 46 40 77 62 735 70 74 36 79 460 81 97 577 106 685 128 621 156 158 526 985 179 626 724 626 66 202 204 222 599 234 658 568 253 940 515 835 670 299 300 0 307 311 723 343 682 376 378 383 383 950 384 392 399 421 426 451 456 577 464 696 520 486 879 505 507 278 121 472 524 517 17 528 27 194 615 770 103 580 155 11 604 608 250 285 623 707 196 631 636 820 639 641 655 237 665 668 294 956 524 730 471 698 704 893 344 879 564 728 823 7 738 746 748 753 266 762 200 774 783 784 785 796 797 798 812 22 329 758 824 829 829 168 843 843 848 852 853 861 864 872 874 305 81 881 887 889 186 903 905 930 688 942 384 951 712 959 966 967 970 637 986 995 999
131 269 498 598 691 702 827 852 897 6 344 220 778 772 54 361 354 433 441
32 86 124 134 135 200 206 257 304 325 328 364 382 384 386 388 400 442 482 486 525 566 652 743 787 856 893 902 930 963 968 977 999 395 576 971 657 121 361 79 609 947 969 952 176 97 609 88 964 53 834 728 890 297 11 181 360 997 334 777 323 436 470 243 160 908
1 22 35 46 52 60 90 95 97 99 103 104 108 113 161 176 179 181 182 213 244 268 286 289 295 302 312 314 315 318 330 343 364 367 376 395 397 411 440 444 466 482 488 494 495 496 498 520 526 562 567 567 582 582 591 592 630 633 635 639 653 672 698 707 745 758 769 777 778 780 785 851 857 869 877 884 888 911 931 934 934 962 975 978 982 999 286 526 686 502 528 753 916 669 679 14 649 774 591 750 222 746 101 492 379 165 674 915 776 116 658 368 465 576 552 757 237 720 770 418 231 895 551 410 817 363 487 270 137 9 412 319 286 167 366 215 341 613 147 877 84 499 977 85 892 835 122 370 949 182 334 931 610 825 249 916 477 551 65 580 721 686 803 590 949 928 288 749 255 875 644 736 852
5 59 98 153 215 330 582 770 796 846 943 949 964 987 201 83 953 849 700 831 914 688 684 353 986 367 456 289 68
37 39 45 47 66 67 67 77 77 92 95 95 130 170 176 189 193 218 242 262 273 293 300 308 308 347 361 378 383 384 393 450 455 467 497 523 536 540 551 571 595 612 612 634 691 710 717 741 854 863 867 914 922 935 935 936 936 944 944 950 700 107 32 929 189 100 706 47 50 910 230 398 536 421 551 208 955 369 256 578 460 232 605 242 127 974 200 809 858 648 150 432 838 693 149 415 938 257 978 445 181 823 234 237 987 392 792 70 780 512 171 111 19 660 344 694 91 511 47 547 540
3 4 30 35 42 53 57 115 142 180 187 202 228 234 257 276 278 293 295 307 314 319 347 369 388 413 419 424 426 451 452 457 461 471 484 497 512 517 525 532 536 556 602 611 652 675 680 696 702 713 718 731 741 748 752 755 768 806 830 870 899 906 907 930 934 938 999 309 594 764 176 111 387 105 801 653 36 688 344 490 521 513 195 837 343 679 900 389 639 961 540 865 318 971 374 981 63 451 829 30 555 366 321 228 249 191 751 340 151 225 568 978 696 745 613 682 220 124 467 122 794 528 859 849 550 678 699 77 702 438 903 308 269 100
162 213 255 412 669 672 779 790 790 807 818 870 923 958 491 386 697 256 594 525 321 372 475 31 124 396 747 438 609
0 0 2 6 22 27 45 60 62 81 95 116 128 150 161 161 180 186 232 238 252 257 269 280 318 320 335 346 349 354 357 378 390 400 411 413 431 436 440 463 483 496 504 504 510 511 541 555 556 561 561 572 573 603 619 625 673 680 691 694 715 754 770 790 808 808 814 830 830 834 837 842 849 852 858 877 881 886 903 910 925 928 932 967 974 980 549 572 953 227 13 616 745 245 140 981 542 265 72 183 447 939 535 332 505 364 296 88 75 126 563 878 445 434 928 534 832 822 699 868 609 395 114 280 933 665 890 615 354 858 782 973 364 192 694 340 21 837 841 144 740 934 980 641 850 670 125 306 658 330 398 606 81 336 457 987 626 497 608 675 17 550 119 788 741 778 775 97 530 170 331 658 46
2 10 38 61 78 83 89 89 93 98 137 144 156 177 212 239 244 248 261 269 278 284 300 315 321 337 343 346 352 365 380 398 443 457 458 460 521 522 561 608 612 636 637 662 663 670 704 723 728 770 775 807 853 861 894 895 909 916 949 977 979 995 996 979 839 226 774 869 498 241 994 909 830 362 472 770 34 755 665 245 349 130 976 752 129 76 829 268 835 101 748 7 635 104 524 993 670 843 890 954 61 517 803 872 113 254 264 548 254 884 52 551 418 152 23 963 171 831 127 764 329 202 694 692 482 809 206
8 15 58 104 107 110 118 119 141 144 150 179 213 219 219 221 238 241 261 297 303 308 325 336 338 347 356 368 383 391 419 426 432 432 433 444 457 461 463 465 510 511 537 555 560 565 571 573 577 584 587 598 611 638 652 666 667 686 695 719 761 761 765 774 782 826 838 842 853 872 873 908 924 925 939 939 956 974 982 985 986 867 535 438 930 554 559 724 227 271 919 609 212 181 505 215 801 286 382 917 659 489 414 612 786 516 548 472 140 692 950 971 472 798 428 460 866 159 943 787 446 779 439 512 506 24 298 77 422 488 108 182 347 609 529 218 420 39 18 47 808 126 394 529 288 163 504 55 662 646 765 24 397 416 988 924 431 225 31 931 96 110
42 47 55 65 90 91 149 154 172 190 197 280 286 303 371 380 392 395 435 450 486 496 566 587 590 594 601 643 656 676 678 685 699 737 743 764 772 779 779 833 833 841 867 871 903 906 906 924 928 409 662 500 309 289 125 341 581 235 504 93 935 630 880 116 70 25 963 264 70 213 335 389 455 126 573 230 330 999 351 116 929 281 107 238 480 851 873 793 768 923 736 255 33 456 396 915 802 454 815
21 107 309 364 370 419 451 463 472 513 558 640 717 746 776 840 914 947 985 496 423 573 93 466 185 362 942 990 920 717 572 161 902 547 727 544 253 136
44 82 140 159 232 358 523 528 543 624 672 674 674 796 802 805 815 874 913 953 963 991 991 916 906 421 39 892 818 664 779 661 404 0 483 351 794 554 439 819 499 807 992 722 391 185
33 37 51 60 192 194 270 272 335 344 381 392 437 462 507 507 510 514 561 595 605 620 642 647 660 688 691 698 708 740 754 773 779 789 809 811 812 818 859 882 977 991 281 538 705 77 796 642 309 671 443 579 275 183 260 341 383 370 655 953 537 804 522 901 893 76 843 547 992 981 417 880 136 624 576 258 993 283 92 913 468 971 598 282 122
26 27 40 83 98 137 223 250 276 281 311 360 387 431 435 455 457 501 660 706 780 804 877 932 955 957 980 996 837 488 667 666 631 836 225 600 48 556 851 963 487 720 109 628 270 333 638 728 483 418 371 317 722 957 872 909 170
36 55 57 100 103 109 117 128 144 147 152 170 173 190 205 215 217 232 246 249 262 274 277 280 308 314 319 335 337 338 355 364 372 400 406 416 426 444 450 466 491 541 556 574 581 588 591 604 604 610 628 648 658 667 683 686 700 701 710 713 723 726 734 755 758 762 813 814 847 856 873 886 891 893 894 904 907 909 918 960 964 982 989 991 995 998 214 278 279 214 682 680 361 407 595 715 89 567 766 998 157 224 768 857 540 9 465 357 347 19 499 469 457 627 748 783 713 217 97 644 119 571 6 428 623 502 930 678 273 183 654 414 29 16 429 745 712 389 730 691 751 306 193 580 531 450 352 133 264 360 831 23 643 357 446 553 744 969 558 833 767 155 106 161 332 771 201 988 295 172 133 972
5 13 20 88 95 107 123 124 168 198 205 211 212 214 217 225 259 272 291 298 305 307 322 337 351 352 358 359 372 373 394 410 426 432 442 446 449 452 466 497 510 522 533 540 564 579 586 586 589 599 617 639 643 656 680 683 704 717 719 719 719 734 740 744 748 749 751 759 766 791 813 825 860 861 877 879 888 920 923 938 953 964 992 870 774 984 976 583 649 424 868 642 810 524 21 825 571 954 876 159 730 159 763 264 58 511 729 333 952 228 850 270 75 904 652 313 971 965 164 455 456 378 169 624 442 862 264 575 781 351 591 887 80 181 423 990 866 357 829 832 14 447 780 22 339 47 311 6 102 405 869 754 83 565 296 13 882 79 439 878 304 893 177 725 19 956
3 8 19 19 28 30 35 56 73 77 100 116 117 119 145 150 154 162 167 170 190 192 194 210 213 262 273 285 289 293 309 315 342 343 356 362 376 388 403 411 441 451 461 472 476 477 488 488 493 498 503 524 527 534 538 550 575 618 621 628 655 657 665 669 670 697 702 710 723 740 762 774 787 790 803 804 805 808 840 853 884 902 902 907 921 929 930 954 965 970 982 629 259 798 423 727 774 324 887 405 706 380 866 978 197 234 255 946 630 192 922 830 821 260 766 804 626 71 162 374 630 803 589 284 432 375 445 635 642 240 40 579 96 357 134 997 410 125 873 250 194 324 892 910 975 446 795 588 657 679 667 532 551 785 414 881 828 28 666 374 288 391 926 416 746 974 307 380 769 796 694 758 102 580 29 307 977 681 271 306 878 634
41 77 113 114 120 140 207 226 244 245 253 311 328 352 363 366 390 406 449 470 474 476 501 511 546 559 589 597 631 657 697 721 724 769 775 826 832 835 854 860 881 888 900 908 918 926 980 231 946 592 365 765 740 264 509 543 828 826 565 960 365 613 791 945 193 942 923 502 101 930 82 362 251 232 75 730 334 426 91 338 225 795 44 202 448 496 328 493 601 217 409 755 104 3 52
11 32 48 96 118 153 197 267 301 302 412 512 561 574 585 598 654 741 762 811 881 884 900 933 937 952 707 673 233 341 642 569 790 409 192 147 683 171 128 116 630 655 445 830 472 352 906 679 311 836 658 342 16
10 15 37 49 57 64 73 95 109 109 191 206 208 215 228 236 256 258 264 265 288 290 290 299 299 318 328 335 336 338 356 357 376 389 396 417 422 434 447 468 469 474 492 493 548 557 576 580 591 609 620 628 629 635 656 682 685 707 718 725 749 756 760 773 782 788 817 837 842 848 862 874 883 889 890 929 933 933 942 947 949 510 708 478 376 377 107 901 721 435 776 237 712 917 846 383 532 274 189 122 744 179 514 843 705 556 990 561 848 256 96 452 661 264 672 323 328 319 901 14 248 245 407 348 847 133 784 136 270 135 690 145 220 426 221 899 737 596 34 976 406 57 449 304 119 178 318 936 521 760 713 677 786 583 523 728 304 339 917 916 297 832
4 22 27 50 292 302 374 374 576 580 707 729 797 846 868 49 653 301 337 249 712 280 660 370 730 952 438 106 990 525
23 34 41 44 49 61 75 83 89 99 107 108 137 172 177 186 188 209 231 256 269 282 290 299 319 321 346 352 364 371 378 396 416 436 450 457 458 459 483 490 493 505 507 513 518 522 532 534 538 554 555 564 569 577 585 588 592 600 618 626 628 640 685 685 693 705 709 731 741 744 747 771 781 784 793 854 854 867 910 913 916 947 968 972 979 980 986 988 990 297 73 340 595 798 18 822 362 29 430 163 487 945 395 983 245 703 558 976 30 465 33 932 330 138 645 744 97 502 954 129 782 941 76 775 779 78 836 274 879 259 532 349 919 790 439 163 868 418 8 457 960 39 948 146 794 892 679 872 520 722 220 934 964 499 761 449 158 718 867 73 815 851 297 994 715 54 3 543 77 514 260 329 550 232 112 36 672 698 921
28 37 67 69 77 87 98 108 120 149 215 257 299 349 366 367 399 400 420 442 474 484 518 567 568 575 578 605 629 635 637 709 750 782 807 807 808 834 835 837 858 892 919 931 941 964 988 997 523 588 868 21 121 176 612 442 498 379 523 878 424 295 879 936 870 89 948 584 929 714 856 29 873 717 330 20 393 627 440 441 763 39 491 455 976 23 580 77 440 81 200 865 441 771 588 582 49
129 435 471 583 863 932 932 877 693 143 624 98 850
36 37 49 57 58 66 73 75 96 101 109 114 133 143 149 169 177 188 207 213 233 241 265 270 277 280 283 289 305 326 330 332 340 363 364 382 390 402 419 423 429 452 480 504 506 511 522 531 539 547 550 550 558 574 578 589 599 616 619 631 631 660 702 703 735 735 744 747 773 777 786 790 810 864 869 870 872 878 880 883 885 885 890 891 897 907 936 957 972 973 983 988 988 436 709 695 106 257 107 836 493 246 642 662 964 122 63 588 888 959 298 761 640 894 446 976 146 749 241 671 494 553 483 682 485 826 446 681 566 439 38 766 31 393 976 501 503 956 899 867 196 176 254 164 61 952 971 816 838 666 316 251 667 174 506 45 498 855 408 883 896 633 647 290 994 623 961 167 7 222 471 872 33 569 701 52 365 8 907 348 531 892 79 474 681 698
12 50 59 104 111 139 187 217 221 265 286 331 349 354 358 381 441 518 521 648 721 726 753 775 776 780 792 813 817 827 840 886 890 916 944 998 345 223 98 300 804 536 323 747 72 169 894 28 174 675 490 559 431 639 940 654 165 995 391 447 207 510 493 237 485 247 604 390 50 471 493 528
23 24 88 94 121 122 171 175 179 220 249 253 277 284 297 308 345 349 397 398 418 435 481 489 536 540 593 607 695 708 731 787 803 870 928 930 942 951 966 976 724 859 18 924 249 439 56 723 722 654 415 373 651 666 811 213 819 26 955 370 877 346 404 103 950 34 896 214 432 207 794 165 251 438 606 646 431 97 700 276
19 53 69 177 216 240 269 273 300 333 340 352 422 437 449 468 499 572 577 605 609 630 712 720 721 770 932 973 738 577 574 375 183 575 14 4 925 679 343 263 963 707 120 302 11 676 330 765 60 100 424 669 323 468 441 88 538
3 7 27 68 126 151 167 241 286 305 340 361 382 400 402 430 443 528 554 556 563 618 620 725 747 821 831 865 866 866 900 912 923 945 956 962 975 577 787 749 291 316 892 61 692 192 149 443 177 711 239 774 70 667 239 973 489 473 13 201 542 349 734 702 998 566 516 201 318 736 813 326 248 377
3 18 19 35 64 120 146 164 208 215 218 229 247 267 275 278 286 287 302 313 345 355 374 376 387 440 469 473 525 527 537 541 548 569 592 592 626 644 674 680 683 685 700 703 707 732 739 740 760 776 783 791 796 798 806 822 853 858 869 896 938 951 974 458 378 138 479 267 458 172 344 596 99 120 836 305 943 830 61 457 493 416 584 999 165 402 568 475 792 904 762 370 80 281 3 623 165 521 826 888 640 474 23 422 619 754 228 214 818 190 370 564 924 631 555 553 345 693 883 352 217 797 864 517 938 709
57 66 114 116 136 138 141 166 167 169 176 195 201 211 211 267 273 285 290 304 305 318 327 334 360 380 388 404 429 469 512 514 516 528 532 547 565 593 593 603 623 667 667 718 742 772 798 816 845 846 862 872 879 879 880 882 893 897 931 95 828 217 386 37 52 366 562 428 318 897 911 789 572 994 338 182 500 10 475 520 927 282 88 183 435 798 538 584 239 700 223 204 239 465 252 698 21 9 662 83 279 564 825 537 935 845 543 116 511 320 729 199 960 752 922 490 996 698 69
25 39 95 116 140 145 170 185 212 223 241 259 283 295 466 473 533 562 657 658 672 715 725 735 745 757 783 783 787 819 846 856 857 867 873 892 921 996 170 704 428 656 918 342 800 868 581 544 412 298 89 732 767 46 69 877 129 886 358 645 806 289 813 350 332 660 648 844 656 855 643 178 818 293 372 533
3 16 32 41 44 48 66 74 92 93 95 100 100 118 131 135 160 162 186 186 187 192 219 220 221 223 236 265 266 288 293 302 305 312 316 330 341 369 376 412 418 451 466 469 475 490 493 496 500 507 508 524 535 562 580 582 614 626 650 654 662 690 696 715 728 744 745 759 760 766 770 770 789 792 801 809 822 822 838 838 847 869 872 876 878 893 948 972 264 268 329 983 211 195 182 869 265 746 959 229 902 759 195 713 754 700 36 835 207 45 781 709 407 447 8 135 262 295 51 815 350 873 264 729 284 620 702 888 300 6 896 151 832 673 267 231 643 233 805 691 42 910 557 686 122 847 501 257 942 787 700 389 960 893 670 484 660 984 146 147 119 495 533 541 927 178 631 619 352 750 876 268 762 60 324 774
