16 59 49 75 19 | 84 65 92 21 23 | 16 84 64 30 90 | 28 88 26 43 1 | 9 67 72 9 2
100 32 39 21 41 | 4 81 56 68 81 | 41 22 98 25 67 | 53 53 50 14 24 | 39 55 23 18 53

89 62 86 57 86 93 26 34 80 65 | 86 21 57 33 17 43 25 88 97 37 | 90 69 50 22 97 63 10 26 21 21 | 97 91 84 41 55 47 90 97 12 37 | 34 18 85 72 68 85 48 24 87 100 | 17 49 22 98 76 10 89 74 89 3 | 93 78 68 53 37 64 55 9 8 57 | 64 7 86 73 25 71 61 76 35 26 | 56 17 88 76 97 97 85 0 71 22 | 23 46 2 67 87 71 41 53 65 29
63 94 34 3 80 52 52 33 79 25 | 10 70 24 55 21 33 82 50 35 88 | 80 100 35 20 25 25 26 84 97 41 | 31 64 48 42 67 42 60 16 18 92 | 48 54 63 29 21 75 46 63 78 85 | 15 70 8 26 60 9 64 23 36 57 | 1 90 96 34 40 30 6 97 13 79 | 23 63 72 30 94 28 66 83 54 69 | 31 38 80 28 96 80 26 84 83 44 | 80 89 9 65 27 1 67 30 47 60

82 59 88 84 74 72 2 | 53 84 51 47 17 25 78 | 68 76 90 50 4 44 79 | 24 23 21 85 31 43 6 | 41 72 92 69 8 21 90 | 68 61 60 88 41 91 92 | 74 72 43 6 5 15 70
71 6 19 31 12 35 76 | 99 48 48 33 3 86 28 | 90 20 96 52 42 83 18 | 55 10 90 29 94 12 96 | 8 2 47 42 79 3 51 | 89 97 67 97 19 79 39 | 92 78 24 50 61 9 30

19 41 31 58 76 74 21 | 8 88 81 11 68 27 79 | 30 68 94 81 22 26 27 | 66 30 6 8 38 37 77 | 22 34 81 42 86 83 18 | 4 15 99 5 63 44 64 | 38 33 27 96 67 88 2
87 67 80 97 87 54 49 | 51 13 94 50 80 52 52 | 43 97 70 30 82 95 74 | 11 52 83 1 93 70 66 | 80 10 99 43 77 92 18 | 42 65 45 74 94 73 70 | 47 7 12 22 88 34 86

24 51 31 20 46 55 50 | 30 53 63 92 84 29 43 | 5 77 18 91 58 92 46 | 68 48 37 1 79 16 68 | 83 96 37 52 68 54 8 | 58 29 4 8 12 93 17 | 91 39 71 70 68 62 96
100 21 40 72 4 51 20 | 31 58 76 58 48 91 53 | 40 68 51 96 85 73 84 | 39 29 89 75 27 2 10 | 48 17 3 40 58 72 15 | 73 39 0 88 2 74 97 | 43 64 66 36 62 47 19

34 53 35 81 75 70 18 34 93 50 | 76 96 64 92 53 85 90 97 80 26 | 44 80 49 88 18 79 97 70 79 47 | 96 0 36 55 95 33 6 58 72 63 | 18 13 76 100 53 94 28 44 76 100 | 92 85 88 12 61 63 16 0 29 16 | 59 66 14 73 10 45 11 99 18 52 | 60 95 12 75 100 90 9 26 61 84 | 62 79 96 27 55 88 0 9 80 9 | 95 69 31 54 74 65 59 43 30 50
93 95 98 81 16 8 96 55 21 19 | 97 92 16 12 31 54 14 68 96 52 | 32 71 82 38 92 79 80 18 99 27 | 50 5 67 5 8 62 57 71 96 94 | 77 79 34 61 43 24 39 16 50 23 | 94 14 18 43 35 4 46 95 72 8 | 62 1 54 7 83 42 51 100 52 1 | 74 9 16 73 70 54 98 28 63 1 | 12 87 91 96 83 98 100 63 71 80 | 0 38 52 24 99 40 59 23 27 78

24 42 36 48 15 77 | 13 30 55 10 6 90 | 20 37 60 88 81 99 | 22 29 42 57 90 77 | 12 29 58 51 84 51 | 15 72 79 62 71 40
74 55 11 51 34 26 | 7 12 53 0 31 66 | 52 59 100 8 14 36 | 18 27 53 6 13 82 | 95 49 65 63 23 33 | 66 37 92 76 98 24

34 72 96 24 | 57 22 68 70 | 53 52 37 45 | 34 79 58 18
38 2 32 20 | 4 68 54 94 | 40 78 34 46 | 88 83 27 21

8 76 10 99 20 77 | 85 41 27 43 21 70 | 24 94 40 57 38 65 | 79 87 34 14 44 3 | 80 83 16 81 47 79 | 63 0 9 76 64 47
41 47 8 13 27 55 | 23 58 69 80 92 89 | 73 98 30 36 35 17 | 19 26 11 31 68 9 | 41 47 10 77 48 22 | 35 91 13 38 73 32

51
44

40
47

57 94 49 32 | 4 35 56 10 | 44 32 39 76 | 79 9 97 100
78 74 10 49 | 71 57 73 46 | 98 53 57 29 | 96 88 8 23

56 44 44 72 58 62 | 13 66 10 64 64 8 | 99 9 53 1 48 25 | 13 100 55 20 71 61 | 57 82 47 46 12 32 | 56 61 81 59 86 12
54 38 96 52 4 61 | 73 9 21 84 59 40 | 9 18 60 56 66 84 | 32 42 46 22 29 91 | 91 4 25 94 17 59 | 69 34 98 16 61 10

54 5 28 10 59 62 | 2 6 97 88 47 66 | 53 51 32 76 10 78 | 29 21 89 83 50 24 | 70 61 87 10 18 48 | 5 50 85 10 10 40
97 27 32 20 89 69 | 21 67 96 85 83 21 | 74 26 34 79 85 9 | 73 25 59 50 88 70 | 17 60 62 99 95 62 | 87 76 54 27 75 36

93
88

17
43

65 63 32 32 91 23 14 70 | 66 30 24 69 92 40 37 91 | 36 81 8 34 65 23 62 11 | 15 2 56 68 21 16 5 19 | 35 31 62 21 41 23 19 45 | 48 90 28 23 91 9 7 64 | 63 78 19 25 87 21 78 59 | 91 51 62 6 32 96 90 40
79 43 28 3 39 18 36 80 | 6 71 4 77 17 88 29 49 | 35 24 14 7 16 76 13 78 | 10 34 49 41 35 83 60 79 | 80 49 58 0 26 79 27 6 | 93 5 82 78 64 44 77 55 | 47 34 54 69 85 32 20 55 | 24 24 79 51 28 60 46 24

1 64 63 35 90 20 61 26 66 7 | 29 69 39 32 61 96 21 64 91 0 | 11 52 10 9 35 19 38 82 23 64 | 36 29 3 62 13 26 34 79 84 76 | 44 33 77 45 92 79 55 63 48 96 | 97 82 51 43 98 56 30 64 65 88 | 47 7 53 13 18 87 82 79 3 6 | 1 100 78 40 16 63 92 14 27 10 | 51 7 55 81 82 53 72 53 75 79 | 58 15 95 61 81 49 68 31 31 60
88 100 66 56 5 20 85 9 95 32 | 70 77 86 84 8 64 7 19 91 23 | 21 12 81 24 9 72 66 25 87 28 | 39 10 91 64 55 94 66 96 4 47 | 90 96 41 43 19 13 56 47 35 40 | 99 42 62 81 73 8 40 77 0 75 | 94 44 10 32 66 100 73 80 24 65 | 10 14 57 36 51 97 4 31 7 22 | 0 4 22 89 76 23 44 79 14 30 | 24 79 79 30 24 62 17 86 96 30

13 40 | 30 81
39 86 | 87 35

79 19 | 2 80
16 25 | 34 3

81 68 10 7 16 | 96 33 40 40 85 | 40 76 40 59 79 | 45 43 64 45 96 | 72 39 86 1 98
85 54 69 24 98 | 76 57 0 54 19 | 71 21 63 100 21 | 27 31 45 98 31 | 87 46 83 74 17

12 21 83 24 96 67 49 47 | 96 44 20 36 0 83 38 51 | 67 87 87 41 57 2 19 74 | 24 47 38 24 46 10 63 61 | 11 87 57 67 7 67 36 42 | 71 16 82 21 15 29 24 55 | 49 25 98 73 13 13 88 90 | 69 15 29 16 24 57 78 43
58 59 78 2 2 39 63 64 | 4 87 37 100 29 47 57 38 | 7 38 95 61 72 36 39 5 | 86 22 27 68 57 44 53 67 | 27 76 39 88 24 52 14 25 | 69 78 96 34 47 19 53 44 | 94 0 35 73 88 95 73 0 | 5 20 28 0 49 38 20 25

36 74 20 84 100 20 6 4 95 64 | 13 69 57 22 22 58 46 79 87 100 | 11 95 46 50 72 2 64 50 75 26 | 72 31 34 37 22 80 60 47 5 69 | 8 75 69 59 51 86 88 30 19 59 | 5 95 76 33 70 96 43 59 38 96 | 74 11 15 6 24 83 25 36 42 100 | 90 16 52 30 87 43 85 18 44 94 | 96 44 19 92 14 56 63 12 73 96 | 31 90 35 75 57 66 8 81 7 25
11 88 77 95 86 28 69 94 11 3 | 19 48 5 87 40 69 24 6 77 9 | 38 34 97 97 18 82 93 80 20 64 | 39 36 34 88 72 43 21 83 18 9 | 51 23 64 10 19 47 9 4 42 26 | 7 29 52 78 76 86 59 33 95 73 | 72 90 99 69 41 90 17 16 87 39 | 76 61 35 21 94 16 47 88 61 58 | 80 21 72 6 46 70 85 16 27 63 | 66 54 71 33 70 31 39 15 37 31

14 10 69 43 15 | 25 18 69 100 76 | 56 93 30 31 90 | 39 44 22 41 54 | 58 88 20 84 27
16 37 27 32 72 | 56 97 15 48 89 | 17 60 22 21 38 | 9 95 27 45 77 | 53 91 63 14 26

89 25 | 81 93
76 98 | 2 56

86 61 45 18 35
34 27 53 | 82 82 67 | 40 80 98 | 83 34 24 | 80 84 65

21 10 98 75 81 11 6 | 95 33 19 68 41 39 59 | 100 56 12 37 29 18 26 | 26 88 6 79 78 65 28 | 16 64 27 71 71 70 74 | 9 94 13 43 10 71 51 | 33 82 66 72 19 31 78 | 32 13 41 62 17 31 15 | 1 26 25 43 24 83 62 | 1 8 85 71 97 70 23
71 0 14 | 51 96 30 | 90 35 56 | 12 5 33 | 84 45 81 | 15 42 6 | 81 51 93

74 3 70 38 77 40 90 13 34 15 | 49 59 8 13 63 77 85 40 9 53 | 63 63 78 97 13 96 29 12 48 49 | 48 15 32 26 5 23 67 40 69 25 | 56 95 44 99 65 0 12 90 100 66
76 34 12 99 56 37 11 80 20 13 | 59 85 21 83 8 17 73 53 45 75 | 91 85 42 93 50 23 35 54 30 61 | 45 62 65 8 36 50 90 94 87 11 | 66 48 22 18 82 73 50 4 0 44 | 51 83 81 15 87 30 86 28 18 78 | 45 98 85 67 49 42 57 86 12 67 | 47 8 49 76 40 12 49 92 59 23 | 75 92 0 45 86 10 34 63 82 100 | 77 68 18 64 18 96 32 22 81 0

8 53 41 16 38 32 36 32 10 | 55 75 29 64 50 2 60 67 45 | 66 79 65 83 43 91 59 13 37 | 89 99 79 99 37 72 6 76 20 | 86 72 72 44 15 24 60 32 71
33 64 28 34 13 | 8 14 6 18 32 | 75 7 24 57 47 | 43 16 12 45 56 | 22 77 91 26 9 | 32 91 79 41 79 | 95 13 36 50 13 | 2 35 54 23 54 | 4 97 82 45 98

12 79 73 69 64 65 47 72 | 69 40 65 10 44 23 16 2 | 55 26 91 71 2 100 94 58 | 48 69 40 31 3 42 17 95
11 | 8 | 61 | 98 | 5 | 33 | 53 | 62

37 14 16 | 96 35 99 | 38 5 54 | 76 21 74 | 43 61 59 | 42 30 62 | 5 18 71 | 41 26 45 | 32 93 9 | 65 59 80
27 19 17 33 66 13 | 95 87 18 38 100 86 | 45 0 7 11 72 3

73 91 6 50 98 82 98 12 89 79 | 28 28 35 31 54 82 23 37 9 39 | 13 22 92 92 39 83 19 18 64 89
48 61 94 33 48 6 89 39 27 | 67 48 55 65 51 57 7 32 96 | 70 42 52 82 50 28 86 39 41 | 48 15 21 90 69 37 61 55 84 | 96 11 91 11 71 37 35 82 42 | 87 45 23 86 42 87 33 75 55 | 67 39 69 2 61 75 12 84 33 | 100 14 74 30 49 71 88 58 15 | 12 60 24 14 16 89 62 49 1 | 75 3 73 40 3 31 3 73 65

60 | 30 | 11
31 7 97 9 53 49 16 82

47 37 41 6 37 74 81 41 98 52 | 32 67 68 13 59 49 74 67 62 56 | 81 26 100 74 90 85 68 14 94 88 | 48 47 17 48 51 14 0 71 45 15 | 90 2 20 77 57 84 58 33 46 35 | 11 50 46 10 71 47 40 97 41 70 | 84 10 73 72 40 97 64 5 64 93
6 | 65 | 60 | 9 | 74 | 73 | 28 | 31 | 44 | 76

93 9 26 32 57 25 41 36 32 | 51 28 33 60 86 20 77 57 13 | 3 60 100 62 24 92 94 28 20 | 23 24 52 54 19 72 35 97 1 | 98 15 72 63 79 57 30 90 8 | 17 54 17 86 85 29 27 61 36 | 8 78 23 20 70 59 80 58 99 | 66 38 95 83 25 20 56 6 45 | 65 5 44 75 94 39 87 19 81
85 43 3 | 7 32 55 | 3 58 3 | 87 83 89 | 84 11 33 | 57 55 80 | 34 94 3 | 50 66 79 | 49 25 15

53 96 66 0 4 66 64 90 31 | 3 13 91 38 78 56 28 39 17 | 77 80 78 55 34 73 39 26 66
65 45 93 72 79 3 0 88 | 62 99 32 12 30 37 44 33 | 33 49 11 8 78 83 15 64 | 82 62 46 97 47 61 77 93 | 79 70 94 83 57 1 78 42 | 23 98 15 10 67 43 27 26 | 31 35 13 4 99 34 54 100 | 52 15 50 42 98 21 51 50 | 0 97 49 81 68 39 60 59

87 48 | 24 63 | 45 81 | 5 22 | 88 60 | 100 63 | 97 15 | 47 17
14 27 20 59 42 6 14 1 | 92 28 97 89 74 23 18 78

81 63 | 8 38 | 7 31 | 29 97 | 25 17 | 7 29 | 50 56 | 7 78 | 7 69 | 28 78
84 11 77 84 29 40 | 93 32 0 46 82 100

81 21 84 64 | 90 14 10 48 | 80 59 49 35 | 38 91 100 1 | 27 53 99 65 | 42 100 32 61 | 32 79 47 28
16 8 | 87 100 | 74 95 | 35 2

18 57 96 36 40 72 55 96 | 68 78 22 79 14 38 41 81 | 38 73 31 19 30 57 26 57 | 28 21 42 78 23 84 15 51
10 40 59 0 42 | 71 20 80 81 48 | 7 11 62 34 70 | 23 15 4 51 25 | 94 54 43 10 38 | 87 20 0 92 8 | 83 64 33 52 84 | 66 36 19 38 7

31 56 40 42 | 50 4 74 54 | 40 7 72 13 | 54 54 20 70 | 72 3 73 10 | 95 4 26 51 | 30 71 77 26 | 11 26 38 12 | 29 17 64 13
1 80 57 31 25 21 89 99 44 | 83 63 5 96 77 49 40 70 31 | 6 35 32 25 3 25 42 76 34 | 70 36 59 16 48 10 33 6 78

68 79 22 74 | 35 62 50 12 | 68 18 2 67 | 92 24 18 55 | 62 22 35 50 | 71 23 29 40 | 98 79 55 95
62 85 10 2 67 30 25 | 59 100 64 68 33 47 26 | 97 31 22 88 88 53 78 | 38 23 83 63 56 83 0

20 88 93 86 | 27 45 40 7 | 5 41 6 94 | 93 93 21 29 | 48 23 18 11
18 29 48 | 25 58 37 | 72 48 95 | 73 10 9

83 23 63 81 96 41 93 3 | 97 17 41 99 84 94 31 24 | 57 79 51 64 15 18 34 97 | 13 88 84 80 52 5 78 46 | 38 17 92 25 97 37 84 45 | 12 83 96 61 39 34 15 50 | 1 25 15 22 0 11 23 71 | 29 98 37 4 76 64 37 76 | 63 55 19 30 100 45 30 16 | 47 13 74 28 5 53 27 95
91 30 98 72 22 38 16 44 71 89 | 55 65 85 62 97 74 0 8 70 52 | 31 26 26 66 87 88 68 45 89 13 | 50 34 54 93 72 28 56 38 3 15 | 34 27 62 44 29 24 37 13 65 25 | 27 16 38 37 37 37 35 42 23 89 | 82 30 5 71 49 84 30 29 8 84 | 58 27 87 93 37 100 57 50 97 53

52 | 46
71 53 39 84 47 60 33 29

27 19 90 49 | 74 97 77 69 | 45 58 47 10
63 | 58 | 49 | 58

47 67 97 84 19 74 33 45 89 | 80 86 97 13 26 40 78 87 44 | 91 95 29 9 96 31 88 40 82 | 37 76 86 87 24 30 72 64 10
83 58 94 60 10 45 | 81 58 49 62 66 29 | 40 14 12 40 92 0 | 94 6 1 40 65 85 | 57 94 47 37 7 68 | 10 15 2 15 21 73 | 37 46 43 41 7 12 | 80 81 97 12 56 49 | 74 87 69 100 6 5

69 49 13 37 33 78 75 15 39 20 | 10 30 52 52 73 62 92 65 87 7 | 92 5 52 32 68 20 94 51 92 45
87 46 48 | 91 66 83 | 74 40 62 | 56 12 54 | 65 36 41 | 36 35 9 | 44 68 65 | 89 58 65 | 70 65 34 | 37 51 93

79 48 58 26 | 24 18 91 52 | 93 18 67 38
95 26 77 16 | 85 81 55 59 | 15 26 78 95 | 26 79 57 49

25 10 2 99 | 5 97 32 74 | 0 8 72 55 | 23 28 2 43 | 0 39 43 95
32 46 64 | 4 80 0 | 77 97 67 | 74 96 76
