2 24 1 6 11 9 20 12 21 4 28 19 32 14 18 33 31 5 30 16 22 7 13 25 15 17 23 3 29 26 10 27 8
13 3 8 15 14 18 24 23 9 25 11 12 32 31 5 7 33 34 37 1 4 35 20 10 26 22 16 19 17 21 6 2 36 30 27 28 29
16 11 12 14 3 5 2 15 18 20 1 19 6 4 7 17 10 8 13 9
24 20 18 25 9 12 5 26 3 4 14 1 11 21 2 15 6 22 8 10 19 23 17 16 7 13
3 4 9 2 16 8 24 18 11 17 15 21 19 14 25 12 5 23 1 10 6 7 22 20 13
11 2 19 12 9 18 20 3 5 14 10 21 4 6 16 17 15 8 1 13 7
22 3 15 20 28 26 1 24 19 25 7 16 18 21 13 6 12 23 27 11 14 5 17 9 2 10 4 8
3 21 26 7 18 10 13 29 25 31 27 8 23 19 5 16 6 11 4 14 22 15 20 2 9 30 1 17 24 12 28
7 6 20 18 8 10 12 14 21 9 19 15 5 17 3 16 13 4 2 1 11
5 23 24 27 25 15 10 9 14 18 16 3 1 4 32 34 33 31 6 7 26 17 30 29 20 13 11 22 2 28 12 8 21 19
25 29 32 13 36 3 37 22 28 15 16 8 31 2 33 7 20 34 11 21 23 17 24 26 4 18 14 5 12 1 10 27 19 6 35 9 30
24 4 3 12 15 17 5 21 6 14 7 18 10 20 22 1 19 2 8 13 11 16 9 23
5 21 19 8 16 11 17 25 3 23 10 15 1 18 13 4 22 27 12 2 9 26 20 28 24 6 7 14
18 14 16 11 9 7 4 8 19 21 1 6 12 5 3 17 2 20 10 13 15
4 6 21 1 12 15 23 19 9 13 10 11 8 17 16 7 2 5 3 22 18 14 20 24
14 16 22 21 7 17 18 15 13 31 25 3 26 2 28 6 12 30 5 32 9 19 1 11 23 20 8 4 10 24 27 29
16 28 20 5 30 4 24 21 7 3 23 2 27 13 10 1 12 29 26 8 19 17 15 18 6 9 22 25 14 11
1 15 19 6 8 11 16 18 14 5 20 10 2 4 17 22 9 3 13 21 12 7
32 36 27 30 14 20 21 24 2 8 18 33 10 6 3 26 19 11 13 4 9 29 25 34 16 28 7 1 23 5 35 22 17 12 31 15
16 4 12 20 28 8 25 23 5 1 26 9 13 30 7 22 15 19 6 2 17 10 21 18 14 29 24 3 27 11
